1000
233
19
484
313
10
438
726
966
980
298
551
408
526
397
365
550
72
557
119
841
118
901
674
490
945
505
526
310
744
450
432
512
325
78
233
11
994
311
835
338
769
606
883
39
835
52
721
868
32
413
885
785
941
201
173
234
932
712
201
892
421
394
159
485
762
384
185
549
329
770
972
908
986
590
916
922
328
401
428
357
29
430
881
26
117
697
998
499
885
398
842
481
692
730
357
430
111
733
706
602
795
139
174
465
443
102
759
365
850
858
175
804
962
44
560
720
643
904
889
775
607
501
975
232
954
335
167
377
887
521
391
103
933
885
292
850
720
298
406
700
748
897
384
775
533
324
276
800
217
754
603
164
927
323
362
125
505
141
24
513
213
713
604
799
250
485
875
422
269
767
647
260
562
834
931
392
248
264
226
453
285
509
936
340
825
35
569
925
743
959
197
641
286
208
549
302
662
143
479
624
893
871
252
953
881
739
75
821
616
862
759
76
867
563
315
612
721
825
294
763
544
874
841
798
510
953
998
153
469
190
474
932
429
992
691
430
412
822
157
280
752
657
437
152
597
73
929
976
298
938
327
523
422
746
921
4
328
978
74
387
268
47
251
581
41
797
646
23
927
39
12
942
6
69
74
774
209
234
29
852
842
216
622
146
71
115
577
288
506
703
823
233
342
862
188
73
237
242
651
344
606
579
525
771
108
134
384
624
754
451
52
692
923
545
945
732
22
976
540
380
734
578
408
126
47
247
729
922
740
659
301
174
70
22
123
59
879
865
37
605
29
736
857
396
322
864
986
563
391
773
239
853
577
952
985
575
972
157
544
725
323
629
271
309
106
572
3
738
923
8
843
734
852
348
841
120
170
121
103
933
103
744
469
110
630
614
95
214
383
924
578
175
958
234
47
640
326
608
648
36
171
657
584
177
29
36
999
20
681
224
475
590
841
123
994
877
187
319
596
602
567
210
517
738
873
696
96
843
631
423
671
429
605
271
678
898
220
500
976
851
929
633
474
281
17
819
67
189
466
831
957
308
389
273
949
587
984
554
221
466
896
628
708
360
99
718
139
604
251
47
120
915
687
8
623
866
747
651
468
937
72
410
606
698
703
869
989
302
526
116
548
459
413
581
282
427
930
786
370
859
176
306
706
926
310
442
64
694
268
240
632
271
353
348
707
896
32
707
98
894
304
698
848
743
722
939
21
328
54
247
894
780
286
704
634
865
916
154
88
376
359
462
540
25
873
177
224
305
148
471
519
241
602
704
981
460
676
245
546
820
802
98
637
10
57
783
237
936
723
308
755
533
137
832
171
828
563
54
354
209
415
869
153
778
416
979
791
621
190
573
301
252
299
461
186
873
110
89
263
39
280
756
765
344
516
67
466
349
436
110
427
573
894
544
515
972
125
997
522
359
564
208
225
986
645
150
793
806
504
610
211
690
503
846
170
365
270
146
813
638
232
613
816
568
508
661
258
805
415
796
466
717
451
505
202
171
876
0
414
372
531
272
902
173
60
158
934
745
698
851
206
28
91
111
734
174
510
0
242
151
168
275
651
499
853
957
997
987
228
567
597
448
12
372
155
900
754
361
333
111
189
96
292
643
680
496
327
524
62
724
517
119
501
54
761
958
536
800
134
886
288
135
241
101
86
261
590
299
311
121
315
972
393
797
665
830
717
108
304
190
290
422
162
161
49
425
280
890
352
286
912
479
46
197
24
176
45
77
133
317
213
828
180
451
996
368
409
83
108
704
870
918
517
705
259
857
874
545
332
809
328
442
440
492
231
243
581
92
717
729
505
104
128
733
332
224
506
18
897
877
786
518
947
794
788
83
308
51
562
496
745
353
27
680
785
288
210
919
4
829
59
165
25
542
262
608
815
328
709
530
229
183
274
676
237
958
634
797
858
307
470
540
699
646
728
358
680
942
50
948
673
128
609
540
918
725
473
346
289
702
843
66
824
367
370
325
630
509
899
350
969
437
993
216
62
243
48
998
288
891
658
14
712
856
142
963
703
983
974
197
662
831
495
975
358
47
724
893
516
451
35
648
124
445
89
592
606
452
513
133
286
348
639
417
653
441
819
77
902
393
257
423
163
710
222
581
557
52
949
72
961
173
399
880
880
910
472
592
152
62
622
30
654
11
917
441
725
808
918
111
191
895
838
114
954
391
122
255
678
874
697
147
563
246
609
257
352
438
603
708
702
20
683
390
75
69
80
331
698
25
746
469
759
645
993
244
304
783
257
130
47
733
891
64
285
371
264
609
273
119