1000
1
8
12
16
24
32
35
39
43
43
52
53
57
62
71
71
77
85
94
103
105
107
110
115
123
128
130
130
132
132
139
146
152
160
164
167
170
172
179
180
186
191
194
201
209
214
223
227
230
237
242
242
245
245
248
253
254
259
262
267
270
273
280
287
292
292
299
305
314
318
324
328
328
335
338
343
347
352
359
360
362
362
367
367
369
370
372
375
382
389
393
395
400
405
407
407
412
414
415
419
420
422
429
432
432
437
438
442
442
449
450
457
459
468
477
478
487
487
492
496
499
500
506
515
521
522
523
523
523
527
535
541
543
548
554
560
560
567
574
581
588
593
597
597
598
598
603
603
611
612
618
620
625
629
635
644
652
656
659
668
671
679
685
693
695
701
708
712
715
724
728
733
739
740
745
753
753
753
762
766
766
773
777
783
790
798
802
809
810
818
823
830
832
833
835
843
852
861
862
863
867
874
874
875
882
885
892
894
900
907
908
908
908
917
924
932
935
942
943
947
948
953
955
960
967
972
979
980
987
996
1005
1014
1015
1016
1018
1023
1027
1034
1034
1038
1041
1050
1054
1061
1069
1070
1074
1078
1080
1082
1083
1088
1097
1101
1102
1103
1108
1110
1113
1122
1131
1136
1138
1142
1150
1152
1152
1152
1156
1157
1163
1163
1170
1178
1180
1185
1189
1195
1197
1205
1214
1219
1228
1236
1236
1240
1242
1247
1256
1258
1263
1268
1272
1277
1281
1285
1294
1301
1304
1311
1317
1320
1324
1332
1334
1336
1336
1339
1340
1343
1345
1348
1352
1359
1366
1370
1378
1382
1382
1383
1386
1392
1392
1392
1399
1403
1409
1409
1414
1420
1427
1429
1435
1444
1445
1449
1452
1456
1464
1473
1477
1481
1484
1487
1490
1498
1498
1504
1513
1518
1527
1534
1535
1538
1538
1540
1548
1557
1565
1565
1570
1571
1575
1579
1586
1595
1600
1601
1610
1613
1614
1621
1625
1633
1633
1642
1647
1651
1651
1654
1656
1665
1669
1671
1677
1677
1679
1679
1688
1695
1704
1706
1709
1717
1721
1726
1732
1741
1743
1746
1752
1752
1761
1764
1767
1769
1771
1779
1779
1783
1792
1800
1804
1808
1813
1813
1817
1824
1830
1833
1838
1840
1841
1843
1846
1851
1856
1862
1867
1868
1877
1883
1887
1888
1897
1904
1913
1914
1915
1916
1916
1917
1918
1918
1924
1929
1932
1941
1942
1949
1955
1963
1966
1974
1977
1985
1989
1994
2001
2004
2007
2016
2023
2031
2040
2046
2050
2054
2057
2064
2064
2069
2075
2077
2083
2088
2090
2097
2098
2107
2115
2116
2120
2122
2122
2123
2125
2125
2128
2128
2130
2134
2134
2141
2150
2159
2163
2166
2174
2176
2184
2192
2199
2207
2216
2220
2228
2236
2236
2243
2247
2254
2260
2265
2269
2269
2269
2269
2270
2275
2279
2287
2289
2295
2299
2305
2310
2319
2319
2328
2331
2337
2339
2341
2350
2353
2360
2366
2375
2377
2380
2382
2383
2388
2391
2398
2405
2406
2415
2424
2429
2434
2437
2445
2450
2457
2466
2474
2478
2481
2484
2493
2496
2497
2500
2502
2503
2505
2509
2512
2517
2525
2527
2529
2530
2530
2537
2544
2553
2562
2570
2578
2583
2585
2593
2601
2602
2606
2613
2620
2624
2631
2637
2637
2640
2641
2641
2645
2651
2656
2657
2663
2663
2670
2671
2679
2680
2685
2693
2694
2698
2707
2711
2711
2711
2715
2719
2728
2730
2735
2735
2739
2741
2742
2743
2743
2745
2750
2756
2758
2758
2767
2776
2784
2787
2790
2791
2794
2800
2802
2805
2811
2817
2817
2820
2824
2833
2836
2844
2845
2845
2847
2856
2856
2858
2859
2865
2874
2877
2886
2886
2893
2901
2905
2907
2910
2910
2917
2925
2934
2941
2944
2951
2951
2955
2963
2972
2979
2986
2988
2994
2996
3004
3004
3009
3016
3017
3022
3028
3029
3032
3040
3046
3046
3049
3056
3060
3063
3063
3065
3071
3080
3084
3085
3085
3089
3095
3097
3098
3100
3100
3105
3109
3118
3122
3131
3137
3145
3149
3155
3158
3161
3165
3167
3167
3175
3183
3188
3190
3194
3197
3202
3207
3211
3218
3218
3219
3219
3219
3219
3223
3230
3235
3235
3244
3245
3252
3252
3254
3260
3264
3268
3274
3283
3283
3284
3291
3299
3307
3307
3315
3316
3316
3319
3320
3322
3329
3329
3333
3339
3347
3350
3352
3356
3356
3365
3367
3368
3375
3378
3384
3384
3393
3396
3397
3402
3411
3419
3427
3433
3441
3445
3449
3450
3451
3460
3460
3466
3472
3477
3480
3489
3497
3498
3502
3510
3510
3514
3519
3523
3526
3527
3536
3539
3542
3547
3549
3551
3555
3560
3567
3571
3572
3576
3585
3592
3593
3594
3595
3604
3610
3617
3620
3623
3630
3634
3637
3643
3643
3649
3651
3654
3659
3664
3666
3675
3682
3690
3696
3700
3709
3711
3712
3721
3729
3729
3730
3739
3742
3746
3755
3758
3758
3766
3772
3778
3783
3784
3791
3792
3794
3797
3800
3803
3804
3809
3818
3820
3820
3823
3823
3828
3829
3831
3834
3837
3845
3851
3859
3868
3875
3884
3885
3894
3894
3897
3906
3914
3915
3919
3923
3925
3934
3939
3944
3948
3949
3953
3953
3954
3962
3966
3970
3975
3979
3983
3987
3993
3993
4001
4003
4004
4009
4018
4025
4029
4030
4032
4034
4040
4049
4055
4064
4067
4074
4076
4083
4091
4091
4096
4096
4096
4097
4104
4104
4113
4118
4126
4131
4133
4138
4140
4147
4153
4154
4155
4158
4162
4170
4179
4180
4186
4186
4193
4196
4197
4205
4213
4222
4222
4225
4234
4238
4243
4247
4251
4254
4256
4258
4258
4259
4259
4265
4269
4270
4274
4277
4280
4286
4286
4294
4298
4299
4303
4311
4318
4320
4323
4330
4336
