500
498
263
809
137
487
992
308
862
261
250
49
591
174
232
784
190
450
528
632
391
199
497
716
522
61
263
782
106
980
193
735
394
29
652
704
927
923
544
224
409
988
496
562
435
15
711
593
562
60
862
875
218
922
762
192
203
481
738
622
482
501
94
355
389
395
426
5
455
571
418
521
337
346
481
694
785
243
378
645
180
90
759
192
415
381
519
708
747
951
745
36
167
537
231
691
351
951
15
910
498
925
859
108
346
540
608
402
269
902
443
959
864
65
279
313
154
195
796
395
350
634
625
396
779
78
146
4
230
486
204
461
191
244
445
236
345
214
241
106
34
874
784
84
770
893
187
195
601
960
892
457
361
79
901
761
435
631
729
385
349
460
440
567
169
404
894
493
104
204
74
842
205
732
83
391
567
353
550
330
774
848
941
634
959
218
914
25
474
752
570
127
689
316
604
72
139
65
888
612
422
289
476
750
690
409
58
892
458
346
222
323
926
959
114
931
492
854
716
614
270
309
216
841
980
115
231
652
522
896
953
676
604
9
862
258
333
796
344
200
568
652
228
383
365
474
80
176
37
848
278
253
825
123
790
723
260
532
10
119
266
931
171
386
336
834
970
122
882
409
816
414
875
154
862
261
383
259
161
732
853
324
389
690
864
804
418
514
165
757
380
493
510
120
540
665
349
278
756
346
132
924
464
154
49
874
456
848
504
632
914
283
304
909
620
962
599
862
759
65
49
528
295
777
892
762
646
549
287
785
321
549
353
833
395
873
645
221
429
52
483
868
423
642
842
72
40
383
98
652
944
141
614
185
839
209
214
541
23
139
26
321
380
441
179
85
860
199
444
250
858
164
645
163
180
52
48
249
180
133
276
762
35
585
871
861
729
320
17
989
898
350
723
440
74
568
30
322
249
430
448
123
314
326
658
457
149
37
621
659
916
570
490
20
171
665
40
864
889
249
496
598
267
379
133
706
487
935
464
814
797
141
544
508
42
948
293
595
838
42
653
731
494
609
512
398
836
730
494
134
978
689
561
717
533
149
957
884
574
786
635
852
676
797
645
211
589
587
52
107
668
558
981
749
219
710
234
949
690
560
92
370
232
485
590
388
62
697
749
194
619
13
812
800
802
788
100
481
776
255
529