1000
999
998
989
982
974
972
966
959
956
948
940
939
937
933
933
930
924
924
923
920
911
905
901
897
891
883
876
869
862
861
854
854
852
850
847
838
837
833
825
819
819
812
810
808
806
801
795
791
783
783
783
780
775
768
761
754
746
740
736
732
727
726
723
714
712
704
696
695
689
689
687
679
672
665
657
653
647
645
638
632
623
617
608
605
602
598
598
591
584
575
572
565
562
560
553
546
545
542
534
530
524
524
519
515
509
509
506
501
492
492
483
474
474
468
460
454
451
442
439
434
426
426
417
409
404
395
394
394
394
394
391
391
387
383
383
374
370
367
358
349
349
344
335
334
325
320
314
307
301
296
294
291
288
286
277
275
275
269
267
259
250
244
239
233
224
215
212
204
203
198
198
190
190
190
187
184
175
166
166
161
153
150
143
138
135
129
124
124
122
117
108
108
99
94
86
85
85
79
71
64
62
53
44
39
33
27
25
19
11
11
9
1
0
-1
-2
-6
-12
-15
-22
-25
-33
-33
-39
-42
-42
-48
-48
-57
-63
-72
-78
-86
-88
-90
-99
-99
-106
-111
-112
-121
-129
-135
-138
-143
-143
-151
-151
-151
-160
-165
-171
-172
-178
-181
-182
-189
-189
-189
-197
-204
-206
-209
-217
-221
-230
-239
-248
-255
-261
-270
-278
-280
-287
-288
-292
-292
-295
-303
-309
-314
-322
-329
-332
-340
-340
-348
-355
-362
-371
-377
-380
-384
-386
-388
-388
-395
-399
-406
-411
-418
-422
-425
-432
-439
-446
-448
-455
-457
-461
-464
-468
-475
-482
-486
-491
-497
-500
-509
-514
-522
-531
-540
-543
-547
-552
-553
-561
-565
-567
-575
-580
-583
-584
-591
-593
-595
-599
-606
-608
-616
-620
-624
-633
-633
-635
-641
-649
-651
-652
-655
-662
-663
-663
-667
-675
-679
-684
-688
-691
-696
-699
-704
-710
-717
-717
-724
-726
-731
-739
-746
-752
-758
-762
-763
-764
-767
-772
-774
-774
-782
-788
-788
-795
-801
-809
-812
-816
-823
-824
-826
-835
-835
-844
-851
-856
-858
-867
-868
-874
-877
-884
-891
-893
-902
-907
-912
-918
-921
-923
-931
-939
-939
-940
-948
-949
-958
-961
-970
-977
-983
-984
-984
-992
-996
-998
-1000
-1005
-1014
-1023
-1030
-1038
-1047
-1052
-1059
-1059
-1067
-1071
-1080
-1081
-1087
-1090
-1090
-1097
-1102
-1107
-1108
-1116
-1118
-1122
-1127
-1132
-1132
-1140
-1146
-1149
-1158
-1160
-1169
-1173
-1182
-1186
-1187
-1191
-1194
-1203
-1211
-1215
-1221
-1225
-1227
-1235
-1235
-1241
-1241
-1244
-1244
-1248
-1249
-1250
-1250
-1251
-1255
-1262
-1271
-1275
-1281
-1284
-1287
-1290
-1294
-1300
-1301
-1310
-1317
-1321
-1330
-1335
-1343
-1350
-1359
-1367
-1372
-1381
-1388
-1393
-1393
-1401
-1405
-1405
-1412
-1416
-1421
-1430
-1431
-1439
-1444
-1448
-1453
-1453
-1459
-1462
-1464
-1464
-1467
-1476
-1484
-1493
-1502
-1510
-1519
-1525
-1529
-1531
-1535
-1542
-1545
-1547
-1556
-1559
-1563
-1563
-1564
-1573
-1576
-1580
-1589
-1593
-1600
-1604
-1609
-1615
-1622
-1626
-1631
-1638
-1641
-1644
-1650
-1658
-1661
-1667
-1670
-1679
-1685
-1687
-1691
-1700
-1705
-1714
-1721
-1722
-1728
-1736
-1743
-1746
-1755
-1757
-1757
-1758
-1762
-1771
-1777
-1778
-1778
-1784
-1791
-1798
-1798
-1799
-1804
-1813
-1819
-1827
-1827
-1828
-1829
-1832
-1833
-1842
-1851
-1853
-1860
-1866
-1866
-1874
-1883
-1884
-1887
-1893
-1898
-1899
-1900
-1902
-1910
-1918
-1921
-1929
-1936
-1938
-1939
-1946
-1953
-1962
-1962
-1962
-1969
-1970
-1970
-1975
-1976
-1981
-1988
-1995
-2001
-2006
-2007
-2008
-2013
-2020
-2023
-2025
-2030
-2030
-2038
-2046
-2049
-2051
-2060
-2068
-2071
-2078
-2085
-2087
-2095
-2099
-2100
-2109
-2111
-2112
-2120
-2122
-2122
-2126
-2134
-2137
-2138
-2143
-2149
-2154
-2154
-2155
-2161
-2167
-2169
-2177
-2179
-2183
-2184
-2191
-2197
-2202
-2207
-2214
-2223
-2230
-2231
-2237
-2237
-2237
-2243
-2243
-2244
-2251
-2260
-2268
-2274
-2280
-2289
-2297
-2303
-2304
-2312
-2313
-2315
-2315
-2317
-2319
-2323
-2326
-2330
-2339
-2339
-2342
-2350
-2358
-2363
-2363
-2365
-2369
-2374
-2377
-2379
-2383
-2383
-2387
-2393
-2399
-2405
-2414
-2422
-2424
-2426
-2429
-2436
-2442
-2445
-2454
-2454
-2459
-2461
-2465
-2466
-2475
-2484
-2485
-2486
-2489
-2495
-2498
-2501
-2505
-2507
-2512
-2513
-2522
-2530
-2534
-2540
-2546
-2546
-2555
-2562
-2568
-2570
-2577
-2586
-2593
-2595
-2599
-2601
-2610
-2611
-2620
-2622
-2628
-2628
-2637
-2637
-2644
-2647
-2650
-2656
-2661
-2669
-2670
-2676
-2681
-2688
-2690
-2694
-2700
-2700
-2706
-2713
-2722
-2727
-2727
-2729
-2731
-2738
-2745
-2750
-2752
-2752
-2756
-2765
-2767
-2771
-2772
-2779
-2783
-2791
-2800
-2808
-2813
-2818
-2827
-2828
-2832
-2836
-2841
-2848
-2855
-2855
-2864
-2867
-2874
-2880
-2882
-2887
-2892
-2896
-2898
-2906
-2915
-2917
-2919
-2926
-2935
-2935
-2944
-2944
-2952
-2961
-2965
-2968
-2974
-2981
-2986
-2991
-2995
-3001
-3005
-3009
-3013
-3013
-3022
-3026
-3035
-3036
-3041
-3049
-3051
-3056
-3061
-3068
-3071
-3076
-3083
-3086
-3093
-3093
-3097
-3097
-3101
-3106
-3108
-3116
-3121
-3128
-3130
-3139
-3145
-3151
-3157
-3164
-3169
-3176
-3176
-3184
-3188
-3189
-3197
-3206
-3210
-3215
-3217
-3222
-3225
-3227
-3228
-3233
-3238
-3240
-3240
-3248
-3253
-3259
-3259
-3265
-3266
-3273
-3282
-3290
-3299
-3299
-3299
-3300
-3304
-3306
-3306
-3314
-3322
-3327
-3335
-3339
-3345
-3354
-3362
-3362
-3369
-3370
-3375
-3377
-3379
-3387
-3393
-3399
-3402
-3408
-3410
-3414
-3422
-3427
-3427
-3434
-3443
-3451
-3456
-3464
-3470
-3479
-3482
-3489
-3498
-3503
-3511
-3512
-3512
-3518
-3520
-3522
-3523
-3528
-3535
-3535
-3537
-3540
-3543
-3551
-3552
-3561
-3564
-3569
-3571
-3573
-3574
-3574
-3576
-3576
-3576
-3582
-3585
-3593
-3594
-3594
-3602
-3605
-3614
-3616
-3619
-3623
-3627
-3632
-3632
-3633
-3637
-3643
-3652
-3658